100000001
300000004
150000002
75000001
225000004
112500002
56250001
168750004
84375002
42187501
126562504
63281252
31640626
15820313
47460940
23730470
11865235
35595706
17797853
53393560
26696780
13348390
6674195
20022586
10011293
30033880
15016940
7508470
3754235
11262706
5631353
16894060
8447030
4223515
12670546
6335273
19005820
9502910
4751455
14254366
7127183
21381550
10690775
32072326
16036163
48108490
24054245
72162736
36081368
18040684
9020342
4510171
13530514
6765257
20295772
10147886
5073943
15221830
7610915
22832746
11416373
34249120
17124560
8562280
4281140
2140570
1070285
3210856
1605428
802714
401357
1204072
602036
301018
150509
451528
225764
112882
56441
169324
84662
42331
126994
63497
190492
95246
47623
142870
71435
214306
107153
321460
160730
80365
241096
120548
60274
30137
90412
45206
22603
67810
33905
101716
50858
25429
76288
38144
19072
9536
4768
2384
1192
596
298
149
448
224
112
56
28
14
7
22
11
34
17
52
26
13
40
20
10
5
16
8
4
2
1
5
16
8
4
2
1
